0 0.69140625 0.39453125 0.0625 0.08203125
0 0.24609375 0.400390625 0.046875 0.0625
0 0.6171875 0.42578125 0.07421875 0.07421875
1 0.505859375 0.431640625 0.052734375 0.060546875
1 0.431640625 0.4375 0.08984375 0.10546875
1 0.947265625 0.462890625 0.095703125 0.099609375
0 0.80078125 0.47265625 0.08984375 0.09765625
1 0.607421875 0.494140625 0.07421875 0.078125
1 0.12109375 0.5 0.09375 0.0859375
1 0.888671875 0.501953125 0.083984375 0.091796875
1 0.287109375 0.505859375 0.1015625 0.095703125
1 0.767578125 0.52734375 0.0546875 0.068359375
1 0.203125 0.576171875 0.109375 0.119140625