1 0.10546875 0.51171875 0.05078125 0.048828125
0 0.57421875 0.515625 0.021484375 0.0234375
1 0.568359375 0.53125 0.025390625 0.02734375
0 0.53125 0.5390625 0.0234375 0.033203125
1 0.5234375 0.5390625 0.01953125 0.0234375
0 0.658203125 0.55078125 0.0234375 0.02734375
1 0.330078125 0.5703125 0.037109375 0.033203125
0 0.314453125 0.587890625 0.025390625 0.03125
1 0.291015625 0.6015625 0.029296875 0.03515625
0 0.25390625 0.607421875 0.04296875 0.044921875
1 0.21875 0.611328125 0.025390625 0.03515625