1 0.978515625 0.412109375 0.037109375 0.0546875
1 0.8671875 0.439453125 0.03515625 0.04296875
1 0.935546875 0.439453125 0.052734375 0.05859375
1 0.916015625 0.45703125 0.044921875 0.041015625
1 0.57421875 0.45703125 0.05078125 0.0546875
0 0.83984375 0.458984375 0.060546875 0.05078125
0 0.400390625 0.474609375 0.064453125 0.064453125
0 0.46875 0.486328125 0.037109375 0.0546875
0 0.544921875 0.5078125 0.05859375 0.068359375
1 0.232421875 0.51953125 0.05078125 0.05859375
1 0.453125 0.552734375 0.044921875 0.048828125