0 0.42578125 0.42578125 0.107421875 0.125
1 0.359375 0.427734375 0.083984375 0.08984375
1 0.556640625 0.470703125 0.068359375 0.064453125
0 0.5625 0.580078125 0.0625 0.068359375
0 0.486328125 0.6796875 0.1015625 0.087890625
0 0.74609375 0.255859375 0.0703125 0.044921875
0 0.677734375 0.265625 0.06640625 0.03515625
1 0.7578125 0.3046875 0.0546875 0.05859375
0 0.705078125 0.3046875 0.056640625 0.064453125
1 0.453125 0.333984375 0.060546875 0.056640625
1 0.22265625 0.345703125 0.06640625 0.06640625